DISTANCIAS: beacon: CPne (a 2 metros mucho   casi 3)
1,440510248595126  2,859202261404155  1,5724175935226303  1,5724175935226303  1,1048704445411937  1,1048704445411937  1,5724175935226303  1,2074340059003499  1,01076  1,440510248595126  0,333874811356594  0,8774627140346202  0,38554328942953164  2,859202261404155  0,8774627140346202  0,38554328942953164  2,629927091577368  0,7686088525380292  0,333874811356594  2,417482237906628  0,38554328942953164  0,38554328942953164  2,038887307946296  0,38554328942953164  2,2208046553495135  0,8774627140346202  0,38554328942953164  1,870776817930441  0,8774627140346202  0,38554328942953164  1,5724175935226303  0,8774627140346202  2,2208046553495135  0,8774627140346202  0,38554328942953164  1,7155711877451454
    DISTANCIAS: beacon: eAaw (a metro y medio aprox)
1,5724175935226303  0,8774627140346202  1,1048704445411937  0,8774627140346202  1,7155711877451454  1,440510248595126  0,7686088525380292  1,1048704445411937  1,5724175935226303  1,870776817930441  1,3190883356183267  0,6720629370667488  1,1048704445411937  1,1048704445411937  0,7686088525380292  1,1048704445411937  1,1048704445411937  0,6720629370667488  1,1048704445411937  1,2074340059003499  0,7686088525380292  1,3190883356183267  0,7686088525380292  0,7686088525380292  1,2074340059003499  0,7686088525380292  1,2074340059003499  1,440510248595126  0,8774627140346202  0,8774627140346202  0,7686088525380292  0,7686088525380292  1,5724175935226303  0,8774627140346202  1,1048704445411937  1,870776817930441
    DISTANCIAS: beacon: 8v2c ( a 4 metros aprox)
1,870776817930441  1,3190883356183267  1,870776817930441  1,3190883356183267  1,440510248595126  1,7155711877451454  1,2074340059003499  1,440510248595126  2,417482237906628  1,5724175935226303  2,629927091577368  3,1064292267626348  2,859202261404155  2,629927091577368  2,859202261404155  2,417482237906628  2,629927091577368  2,629927091577368  2,859202261404155  3,1064292267626348  3,3727904024404016  2,417482237906628  2,629927091577368  2,417482237906628  2,2208046553495135  2,629927091577368  2,038887307946296  2,417482237906628  2,2208046553495135  2,038887307946296  2,2208046553495135  2,417482237906628  2,859202261404155  2,417482237906628  3,1064292267626348  2,038887307946296

---------------------------------------------------------------------------------------------------------------------------------------------------------------

DISTANCIAS: beacon: CPne (a 2 metros mucho   casi 3)
1,440510248595126   2,859202261404155   1,5724175935226303   1,5724175935226303   1,1048704445411937   1,1048704445411937   1,5724175935226303   1,2074340059003499   1,01076   1,440510248595126   0,333874811356594   0,8774627140346202   0,38554328942953164   2,859202261404155   0,8774627140346202   0,38554328942953164   2,629927091577368   0,7686088525380292   0,333874811356594   2,417482237906628   0,38554328942953164   0,38554328942953164   2,038887307946296   0,38554328942953164   2,2208046553495135   0,8774627140346202   0,38554328942953164   1,870776817930441   0,8774627140346202   0,38554328942953164   1,5724175935226303   0,8774627140346202   2,2208046553495135   0,8774627140346202   0,38554328942953164   1,7155711877451454
    DISTANCIAS: beacon: eAaw (a 1  5m aprox)
1,5724175935226303   0,8774627140346202   1,1048704445411937   0,8774627140346202   1,7155711877451454   1,440510248595126   0,7686088525380292   1,1048704445411937   1,5724175935226303   1,870776817930441   1,3190883356183267   0,6720629370667488   1,1048704445411937   1,1048704445411937   0,7686088525380292   1,1048704445411937   1,1048704445411937   0,6720629370667488   1,1048704445411937   1,2074340059003499   0,7686088525380292   1,3190883356183267   0,7686088525380292   0,7686088525380292   1,2074340059003499   0,7686088525380292   1,2074340059003499   1,440510248595126   0,8774627140346202   0,8774627140346202   0,7686088525380292   0,7686088525380292   1,5724175935226303   0,8774627140346202   1,1048704445411937   1,870776817930441
    DISTANCIAS: beacon: 8v2c ( a 4 metros aprox)
1,870776817930441   1,3190883356183267   1,870776817930441   1,3190883356183267   1,440510248595126   1,7155711877451454   1,2074340059003499   1,440510248595126   2,417482237906628   1,5724175935226303   2,629927091577368   3,1064292267626348   2,859202261404155   2,629927091577368   2,859202261404155   2,417482237906628   2,629927091577368   2,629927091577368   2,859202261404155   3,1064292267626348   3,3727904024404016   2,417482237906628   2,629927091577368   2,417482237906628   2,2208046553495135   2,629927091577368   2,038887307946296   2,417482237906628   2,2208046553495135   2,038887307946296   2,2208046553495135   2,417482237906628   2,859202261404155   2,417482237906628   3,1064292267626348   2,038887307946296

------------------------------------------------------------------------------------------------------------------------------------------------------------------

DISTANCIAS: beacon: eAaw (a 5cm aprox)
0,019729959084462626   0,01332885340986201   0,01332885340986201   0,010890643668188604   0,01332885340986201   0,016247797931549884   0,01332885340986201   0,016247797931549884   0,010890643668188604   0,01332885340986201   0,016247797931549884   0,01332885340986201   0,01332885340986201   0,019729959084462626   0,010890643668188604   0,016247797931549884   0,01332885340986201   0,01332885340986201   0,019729959084462626   0,01332885340986201   0,01332885340986201   0,016247797931549884   0,010890643668188604   0,01332885340986201   0,008861456747222867   0,01332885340986201   0,016247797931549884   0,010890643668188604   0,016247797931549884   0,010890643668188604   0,01332885340986201   0,016247797931549884   0,010890643668188604   0,016247797931549884   0,01332885340986201   0,016247797931549884   0,01332885340986201   0,01332885340986201   0,01332885340986201   0,016247797931549884   0,010890643668188604   0,019729959084462626   0,010890643668188604   0,01332885340986201   0,016247797931549884   0,010890643668188604   0,01332885340986201   0,010890643668188604   0,01332885340986201   0,016247797931549884   0,010890643668188604   0,016247797931549884   0,010890643668188604   0,0057899000292833454   0,016247797931549884   0,010890643668188604   0,01332885340986201   0,016247797931549884   0,010890643668188604   0,016247797931549884   0,010890643668188604   0,01332885340986201   0,01332885340986201   0,01332885340986201   0,01332885340986201
    DISTANCIAS: beacon: CPne (a 5m aprox)
1,7155711877451454   1,2074340059003499   2,859202261404155   1,7155711877451454   5,886423916356039   5,886423916356039   1,440510248595126   3,3727904024404016   1,5724175935226303   1,5724175935226303   3,967965270075985   1,7155711877451454   4,655504851485089   4,655504851485089   2,038887307946296   2,629927091577368   2,629927091577368   3,1064292267626348   3,6595317170226993   1,2074340059003499   3,967965270075985   3,1064292267626348   1,7155711877451454   2,417482237906628   2,417482237906628   2,859202261404155   3,1064292267626348   1,5724175935226303   3,967965270075985   1,7155711877451454   1,870776817930441   3,967965270075985   1,7155711877451454   2,859202261404155   1,440510248595126   1,7155711877451454   3,3727904024404016   1,440510248595126   1,440510248595126   1,440510248595126   1,440510248595126   1,440510248595126   1,5724175935226303   1,7155711877451454   3,1064292267626348   1,2074340059003499   1,440510248595126   4,2994720696317525   1,5724175935226303   1,5724175935226303   1,3190883356183267   1,440510248595126   1,3190883356183267   1,3190883356183267   4,2994720696317525   1,440510248595126   4,655504851485089   3,967965270075985   1,3190883356183267   4,2994720696317525   1,440510248595126   1,3190883356183267   4,2994720696317525   1,440510248595126   3,6595317170226993
    DISTANCIAS: beacon: 8v2c ( a 4 metros aprox)
2,038887307946296   2,417482237906628   2,629927091577368   1,7155711877451454   1,870776817930441   1,870776817930441   2,417482237906628   3,1064292267626348   1,7155711877451454   2,2208046553495135   2,417482237906628   1,2074340059003499   1,5724175935226303   2,629927091577368   2,038887307946296   2,859202261404155   1,870776817930441   1,7155711877451454   2,629927091577368   1,7155711877451454   1,7155711877451454   3,1064292267626348   3,6595317170226993   5,447335444796175   2,629927091577368   1,5724175935226303   5,0375909818338265   1,7155711877451454   1,870776817930441   3,1064292267626348   1,870776817930441   7,39788754957569   2,629927091577368   5,0375909818338265   4,2994720696317525   1,870776817930441   1,7155711877451454   1,7155711877451454   2,038887307946296   1,5724175935226303   1,870776817930441   1,7155711877451454   1,7155711877451454   1,5724175935226303   1,5724175935226303   4,655504851485089   4,2994720696317525   5,0375909818338265   1,7155711877451454   1,870776817930441   1,870776817930441   2,417482237906628   2,417482237906628   2,2208046553495135   2,038887307946296   4,655504851485089   2,629927091577368   4,2994720696317525   3,967965270075985   1,7155711877451454   3,6595317170226993   1,2074340059003499   4,2994720696317525   3,967965270075985   1,5724175935226303

--------------------------------------------------------------------------------------------------------------------------------------------------------------------

 DISTANCIAS: beacon: CPne(a 64 cm,uno encima del otro)
0,2487944999610892   0,21405831560130767   0,44429992043324795   0,21405831560130767   0,21405831560130767   0,2487944999610892   0,1837495629159977   0,333874811356594   0,333874811356594   0,2487944999610892   0,333874811356594   0,2487944999610892   0,28852395406988846   0,333874811356594   0,38554328942953164   0,21405831560130767   0,28852395406988846   0,333874811356594   0,21405831560130767   0,2487944999610892   0,28852395406988846   0,2487944999610892   0,333874811356594   0,2487944999610892   0,28852395406988846   0,38554328942953164   0,2487944999610892   0,333874811356594   0,38554328942953164   0,2487944999610892   0,333874811356594   0,21405831560130767   0,28852395406988846   0,333874811356594   0,2487944999610892   0,333874811356594   0,333874811356594   0,2487944999610892   0,38554328942953164   0,38554328942953164   0,21405831560130767   0,38554328942953164   0,2487944999610892   0,333874811356594   0,333874811356594   0,21405831560130767   0,28852395406988846   0,38554328942953164   0,333874811356594   0,333874811356594   0,2487944999610892   0,28852395406988846   0,333874811356594   0,2487944999610892   0,28852395406988846   0,333874811356594   0,21405831560130767   0,333874811356594   0,21405831560130767   0,333874811356594   0,333874811356594   0,333874811356594   0,2487944999610892   0,157359326494538   0,21405831560130767   0,21405831560130767   0,28852395406988846   0,2487944999610892   0,2487944999610892   0,2487944999610892   0,28852395406988846

    DISTANCIAS: beacon: eAaw (pegado al movil, a milimetros)
0,023869946426608748   0,0071791219001070185   0,0071791219001070185   0,023869946426608748   0,0071791219001070185   0,023869946426608748   0,01332885340986201   0,0071791219001070185   0,023869946426608748   0,016247797931549884   0,0071791219001070185   0,028775994811535723   0,01332885340986201   0,023869946426608748   0,01332885340986201   0,008861456747222867   0,028775994811535723   0,016247797931549884   0,0071791219001070185   0,028775994811535723   0,016247797931549884   0,028775994811535723   0,028775994811535723   0,01332885340986201   0,028775994811535723   0,01332885340986201   0,008861456747222867   0,028775994811535723   0,01332885340986201   0,0071791219001070185   0,028775994811535723   0,01332885340986201   0,008861456747222867   0,01332885340986201   0,008861456747222867   0,028775994811535723   0,01332885340986201   0,008861456747222867   0,028775994811535723   0,008861456747222867   0,028775994811535723   0,01332885340986201   0,008861456747222867   0,03457161303360778   0,01332885340986201   0,008861456747222867   0,028775994811535723   0,01332885340986201   0,0071791219001070185   0,01332885340986201   0,0071791219001070185   0,008861456747222867   0,01332885340986201   0,008861456747222867   0,028775994811535723   0,01332885340986201   0,008861456747222867   0,028775994811535723   0,0071791219001070185   0,028775994811535723   0,016247797931549884   0,0071791219001070185   0,03457161303360778   0,016247797931549884   0,0071791219001070185   0,028775994811535723   0,016247797931549884   0,008861456747222867   0,023869946426608748   0,010890643668188604   0,019729959084462626
    DISTANCIAS: beacon: 8v2c (a 64 cm, uno encima del otro )
0,333874811356594   0,38554328942953164   0,28852395406988846   0,21405831560130767   0,13443063274931202   0,333874811356594   0,333874811356594   0,157359326494538   0,5865720288722465   0,2487944999610892   0,1837495629159977   0,2487944999610892   0,13443063274931202   0,28852395406988846   0,38554328942953164   0,21405831560130767   0,5865720288722465   0,333874811356594   0,1837495629159977   0,38554328942953164   0,28852395406988846   0,1837495629159977   0,5109962494792608   0,1837495629159977   0,6720629370667488   0,38554328942953164   0,21405831560130767   0,5865720288722465   0,38554328942953164   0,21405831560130767   0,38554328942953164   0,21405831560130767   0,5109962494792608   0,333874811356594   0,1837495629159977   0,5865720288722465   0,38554328942953164   0,21405831560130767   0,5865720288722465   0,44429992043324795   0,21405831560130767   0,38554328942953164   0,1837495629159977   0,6720629370667488   0,38554328942953164   0,21405831560130767   0,5109962494792608   0,21405831560130767   0,7686088525380292   0,38554328942953164   0,1837495629159977   0,5865720288722465   0,38554328942953164   0,1837495629159977   0,5865720288722465   0,38554328942953164   0,1837495629159977   0,5865720288722465   0,38554328942953164   0,6720629370667488   0,5865720288722465   0,1837495629159977   0,5109962494792608   0,28852395406988846   0,157359326494538   0,333874811356594   0,2487944999610892   0,13443063274931202   0,21405831560130767   0,13443063274931202   0,38554328942953164